Title: 

URL Source: https://elections.sos.state.tx.us/elchist319_race62.htm

Published Time: Mon, 12 Dec 2016 21:26:29 GMT

Markdown Content:
Office of the Secretary of State



2016 General Election
11/8/2016
President/Vice-President
...	Donald J. Trump /	Hillary Clinton /	Gary Johnson /	Jill Stein /	Tony Valdivia /	Emidio Soltysik /	Laurence Kotlikoff /	Jonathan Lee /	Michael A. Maturen /	Monica Moorehead /	Scott Cubbler /	Evan McMullin /	Dale Steffes /	Cherunda Fox /	Darrell L. Castle /	Tom Hoefling /	Robert Morrow /	...	...	...
...	Mike Pence	Tim Kaine	William Weld	Ajamu Baraka	Aaron Barriere	Angela Walker	Edward Leamer	Jeffrey Erskine	Juan A. Munoz	Lamont Lilly	Michael Rodriguez	Nathan Johnson	Paul E. Case	Roger Kushner	Scott N. Bradley	Steve Schulin	Todd Sanders	Total	Total	...
County	REP	DEM	LIB	GRN	W-I	W-I	W-I	W-I	W-I	W-I	W-I	W-I	W-I	W-I	W-I	W-I	W-I	Votes	Voters	TurnOut
ALL COUNTIES	4,685,047	3,877,868	283,492	71,558	428	72	1,037	67	1,401	122	314	42,366	71	45	4,261	932	145	8,969,226	15,101,087	59.39%
ANDERSON	13,201	3,369	308	57	0	0	0	0	2	0	0	31	0	0	9	0	0	16,977	28,111	60.39%
ANDREWS	3,927	836	147	18	0	0	0	0	0	0	0	13	0	0	2	0	0	4,943	9,130	54.14%
ANGELINA	21,668	7,538	560	106	0	0	0	0	0	3	0	29	0	0	7	0	0	29,911	51,610	57.96%
ARANSAS	7,740	2,465	238	41	0	0	3	0	0	0	0	18	0	0	1	6	0	10,512	17,263	60.89%
ARCHER	3,786	394	80	10	0	0	0	0	2	0	0	8	0	0	3	0	0	4,283	6,314	67.83%
ARMSTRONG	924	70	18	5	0	0	0	0	0	0	0	3	0	1	0	0	0	1,021	1,391	73.40%
ATASCOSA	8,618	4,651	308	65	0	0	0	0	0	0	1	24	0	0	6	0	0	13,673	26,488	51.62%
AUSTIN	9,637	2,320	248	51	0	0	0	0	0	0	0	13	0	0	5	0	0	12,274	19,263	63.72%
BAILEY	1,344	397	39	5	2	0	0	0	1	0	0	4	1	0	0	0	0	1,793	3,714	48.28%
BANDERA	8,163	1,726	262	66	0	0	0	0	0	0	0	0	0	0	1	0	0	10,218	15,524	65.82%
BASTROP	16,328	10,569	1,063	320	2	0	6	0	2	3	3	131	0	1	21	4	1	28,454	45,137	63.04%
BAYLOR	1,267	191	31	3	0	0	0	0	0	0	0	5	0	0	2	0	0	1,499	2,433	61.61%
BEE	4,744	3,444	238	34	2	0	0	0	2	0	0	20	0	0	0	0	1	8,485	15,709	54.01%
BELL	51,998	37,801	3,824	812	2	2	7	1	17	8	6	441	0	2	52	18	3	94,994	186,533	50.93%
BEXAR	240,333	319,550	20,091	6,645	15	2	27	0	47	6	23	2,646	3	1	206	45	5	589,645	1,045,357	56.41%
BLANCO	4,212	1,244	180	33	0	1	0	0	0	0	0	12	0	0	2	1	0	5,685	8,033	70.77%
BORDEN	330	31	3	1	0	0	0	0	0	0	0	0	0	0	0	0	0	365	463	78.83%
BOSQUE	6,339	1,278	155	40	0	0	2	0	0	1	0	14	0	0	9	0	0	7,838	12,002	65.31%
BOWIE	24,924	8,838	582	145	3	0	1	0	1	0	0	79	0	0	19	10	0	34,602	59,083	58.57%
BRAZORIA	72,791	43,200	3,768	806	0	1	6	2	9	2	3	504	0	0	70	17	2	121,181	196,507	61.67%
BRAZOS	38,738	23,121	3,813	536	2	1	10	1	60	0	5	843	0	1	73	7	0	67,211	106,804	62.93%
BREWSTER	2,077	1,873	210	77	0	0	0	0	1	0	0	14	0	0	0	0	0	4,252	7,369	57.70%
BRISCOE	625	91	14	4	0	0	0	0	0	0	0	2	0	0	0	0	0	736	1,096	67.15%
BROOKS	613	1,937	32	14	0	0	0	0	0	0	0	0	0	0	0	0	0	2,596	6,428	40.39%
BROWN	12,017	1,621	253	65	0	0	0	0	0	0	0	60	0	0	9	1	0	14,026	23,424	59.88%
BURLESON	5,316	1,491	118	20	0	0	2	0	0	0	0	10	0	0	2	1	0	6,960	11,637	59.81%
BURNET	14,638	3,797	564	104	0	0	4	0	0	0	1	68	0	0	10	18	0	19,204	29,587	64.91%
CALDWELL	6,691	4,795	446	105	0	0	4	0	5	0	1	33	0	0	7	5	0	12,092	22,560	53.60%
CALHOUN	4,638	2,118	168	33	0	0	0	0	0	0	0	6	0	0	2	0	0	6,965	12,863	54.15%
CALLAHAN	4,865	569	107	23	0	0	0	0	0	0	0	13	0	0	2	0	0	5,579	9,192	60.69%
CAMERON	29,472	59,402	2,236	822	2	0	1	3	5	1	3	103	2	0	22	5	0	92,079	197,726	46.57%
CAMP	3,201	1,260	66	15	0	0	0	0	0	0	0	0	0	0	0	0	0	4,542	7,582	59.91%
CARSON	2,620	249	68	11	0	0	0	0	0	0	0	13	0	0	3	0	0	2,964	4,317	68.66%
CASS	9,726	2,391	145	34	0	0	0	0	0	0	0	38	0	0	8	2	0	12,344	20,040	61.60%
CASTRO	1,414	526	47	10	0	0	0	0	0	0	0	0	0	0	0	0	0	1,997	3,959	50.44%
CHAMBERS	13,339	2,948	385	59	0	0	0	0	1	0	0	45	0	0	3	5	1	16,786	26,930	62.33%
CHEROKEE	12,919	3,469	305	34	21	0	0	2	1	0	3	26	0	0	7	2	1	16,790	27,788	60.42%
CHILDRESS	1,802	253	24	5	0	0	0	0	0	0	0	0	0	0	0	0	0	2,084	3,564	58.47%
CLAY	4,377	536	87	12	0	0	0	0	0	0	0	5	0	0	0	1	0	5,018	7,656	65.54%
COCHRAN	679	190	29	3	0	0	0	0	0	0	0	0	0	0	0	0	0	901	1,777	50.70%
COKE	1,265	140	16	2	0	0	0	0	0	0	0	0	0	0	0	0	0	1,423	2,192	64.92%
COLEMAN	3,177	388	53	18	0	0	0	0	0	1	0	4	0	0	2	0	0	3,643	5,942	61.31%
COLLIN	201,014	140,624	13,855	2,539	3	0	89	0	77	2	9	2,940	0	1	221	42	3	361,419	537,358	67.26%
COLLINGSWORTH	983	145	22	4	0	0	0	0	0	0	0	2	0	0	0	0	0	1,156	1,901	60.81%
COLORADO	6,325	1,987	144	37	0	0	0	0	1	0	0	18	0	0	1	0	0	8,513	13,871	61.37%
COMAL	45,136	14,238	2,068	343	0	1	11	0	8	1	1	312	0	0	49	9	1	62,178	92,403	67.29%
COMANCHE	4,333	789	88	21	0	0	1	0	0	0	0	0	0	0	5	0	0	5,237	8,911	58.77%
CONCHO	885	148	27	7	0	0	0	0	0	0	0	0	0	0	1	0	0	1,068	1,662	64.26%
COOKE	13,181	2,352	317	60	0	0	2	0	1	0	0	32	0	0	9	1	0	15,955	25,086	63.60%
CORYELL	12,225	5,064	704	161	0	0	1	0	0	0	2	81	1	0	14	0	0	18,253	37,644	48.49%
COTTLE	506	92	12	2	0	0	0	0	0	0	0	0	0	0	0	0	0	612	1,072	57.09%
CRANE	1,049	299	28	7	0	0	0	0	0	0	0	0	0	0	1	0	0	1,384	2,679	51.66%
CROCKETT	980	372	39	4	0	0	0	0	0	0	0	0	0	0	0	0	0	1,395	2,553	54.64%
CROSBY	1,181	468	60	5	0	0	0	0	2	0	0	8	0	0	4	0	0	1,728	3,604	47.95%
CULBERSON	280	454	23	6	0	0	0	0	0	0	0	2	0	0	0	2	0	767	1,762	43.53%
DALLAM	1,261	222	46	9	0	0	0	0	0	0	0	6	0	0	0	0	0	1,544	3,151	49.00%
DALLAS	262,945	461,080	24,025	6,114	8	3	190	6	155	6	17	4,117	3	1	235	64	4	758,973	1,287,082	58.97%
DAWSON	2,636	835	80	11	0	0	0	0	0	0	0	0	0	1	0	0	0	3,563	7,343	48.52%
DEAF SMITH	2,911	1,185	91	14	3	0	0	0	0	0	0	12	0	0	0	0	0	4,216	8,669	48.63%
DELTA	1,836	400	36	7	0	0	0	0	1	0	0	1	0	0	0	0	0	2,281	3,845	59.32%
DENTON	170,603	110,890	11,583	2,660	4	2	61	2	71	3	7	2,510	0	0	191	56	2	298,645	464,790	64.25%
DEWITT	5,519	1,163	124	27	0	0	0	0	0	0	0	10	0	0	1	0	0	6,844	11,856	57.73%
DICKENS	755	128	23	3	0	0	0	0	0	0	0	0	0	0	0	0	0	909	1,330	68.35%
DIMMIT	974	2,173	57	21	0	0	0	0	0	0	0	0	0	0	0	0	0	3,225	7,440	43.35%
DONLEY	1,225	191	40	5	0	0	0	0	0	0	0	4	0	0	0	0	0	1,465	2,312	63.37%
DUVAL	1,316	2,783	49	19	0	0	0	0	0	0	0	0	0	0	1	0	0	4,168	8,357	49.87%
EASTLAND	6,011	776	120	31	0	0	0	0	2	0	0	1	0	0	22	0	0	6,963	11,683	59.60%
ECTOR	25,020	10,249	1,009	167	1	0	0	0	0	1	1	74	0	0	8	0	0	36,530	73,142	49.94%
EDWARDS	746	303	17	5	0	0	0	0	0	0	0	2	0	0	0	0	0	1,073	1,514	70.87%
ELLIS	44,941	16,253	1,747	325	0	0	11	0	4	2	3	324	0	0	53	8	2	63,673	102,235	62.28%
EL PASO	55,512	147,843	7,607	2,945	3	2	3	5	25	2	1	8	2	1	43	3	3	214,008	428,319	49.96%
ERATH	11,210	2,160	378	68	0	1	0	0	2	0	0	59	0	2	12	0	1	13,893	21,537	64.51%
FALLS	3,441	1,684	90	23	0	0	0	0	1	0	0	9	0	0	0	0	0	5,248	10,135	51.78%
FANNIN	9,548	2,132	269	46	0	0	0	0	1	0	0	31	0	0	17	0	0	12,044	20,565	58.57%
FAYETTE	8,743	2,144	209	45	1	0	1	0	0	0	0	24	0	0	7	0	0	11,174	16,279	68.64%
FISHER	1,265	403	44	10	0	0	0	0	0	0	0	5	0	0	2	0	0	1,729	2,769	62.44%
FLOYD	1,474	435	47	3	0	0	0	0	0	0	0	0	0	0	0	0	0	1,959	4,068	48.16%
FOARD	383	113	14	1	0	0	0	0	2	0	0	0	0	0	0	0	0	513	948	54.11%
FORT BEND	117,291	134,686	6,907	1,783	2	0	22	0	37	3	0	1,206	2	0	111	16	0	262,066	404,035	64.86%
FRANKLIN	3,585	665	96	12	0	0	2	0	1	0	0	11	0	0	8	0	0	4,380	6,798	64.43%
FREESTONE	6,026	1,471	139	13	10	5	1	1	5	1	1	4	2	1	2	1	1	7,684	11,987	64.10%
FRIO	1,856	2,444	76	24	0	0	0	0	0	0	0	0	0	0	0	0	0	4,400	9,130	48.19%
GAINES	3,907	597	85	20	0	0	0	0	1	0	0	9	0	0	1	0	0	4,620	8,616	53.62%
GALVESTON	73,757	43,658	4,045	889	1	0	10	1	15	6	10	426	0	0	69	13	3	122,903	208,232	59.02%
GARZA	1,225	230	21	7	0	0	0	0	0	0	0	1	0	0	0	0	0	1,484	2,721	54.54%
GILLESPIE	10,446	2,288	333	61	1	0	3	0	0	0	0	64	0	0	3	4	11	13,214	18,968	69.66%
GLASSCOCK	553	34	13	2	0	0	0	0	0	0	0	0	0	0	2	0	0	604	769	78.54%
GOLIAD	2,620	973	101	10	0	0	0	0	0	0	0	3	0	0	1	0	0	3,708	5,580	66.45%
GONZALES	4,587	1,571	129	28	3	3	1	1	2	1	1	1	1	1	1	1	2	6,334	12,272	51.61%
GRAY	6,500	701	144	22	0	0	0	0	0	0	0	32	0	0	4	1	1	7,405	12,725	58.19%
GRAYSON	35,325	10,301	1,258	264	1	0	7	0	7	0	1	213	0	1	32	4	2	47,416	78,686	60.26%
GREGG	28,764	11,677	903	150	0	0	7	0	8	1	2	204	0	0	27	6	0	41,749	69,403	60.15%
GRIMES	7,065	2,194	219	50	0	0	0	0	0	0	0	0	0	0	5	0	0	9,533	15,713	60.67%
GUADALUPE	36,632	18,391	2,022	412	1	0	5	0	9	0	3	296	0	0	46	5	0	57,822	93,543	61.81%
HALE	6,366	2,101	324	43	1	0	0	0	1	0	1	19	0	0	2	0	0	8,858	19,473	45.49%
HALL	893	164	34	0	0	0	0	0	0	0	0	0	0	0	0	0	0	1,091	2,021	53.98%
HAMILTON	3,060	479	64	10	0	0	0	0	0	0	0	3	0	0	4	0	0	3,620	5,467	66.22%
HANSFORD	1,730	171	37	9	0	0	0	0	0	0	0	0	0	0	0	0	0	1,947	3,065	63.52%
HARDEMAN	1,207	249	48	7	0	0	0	0	0	0	0	2	0	0	0	0	0	1,513	2,536	59.66%
HARDIN	19,606	2,780	353	41	0	0	0	0	0	0	0	0	0	0	0	0	0	22,780	38,154	59.71%
HARRIS	545,955	707,914	39,781	11,784	8	6	168	2	208	21	68	5,647	9	1	471	62	7	1,312,112	2,234,671	58.72%
HARRISON	18,749	7,151	449	76	0	1	2	0	0	0	1	96	1	1	15	5	1	26,548	44,622	59.50%
HARTLEY	1,730	173	43	3	0	0	0	0	0	0	0	3	0	0	0	0	0	1,952	2,975	65.61%
HASKELL	1,403	314	42	6	0	0	0	0	0	0	0	5	0	0	0	0	0	1,770	3,394	52.15%
HAYS	33,826	33,224	3,630	1,061	1	1	34	0	0	0	5	349	1	0	24	5	3	72,164	121,326	59.48%
HEMPHILL	1,462	181	44	2	0	0	0	0	0	0	0	3	1	0	2	0	0	1,695	2,368	71.58%
HENDERSON	23,650	5,669	535	102	0	0	2	0	2	0	2	69	0	0	9	3	2	30,045	50,692	59.27%
HIDALGO	48,642	118,809	3,788	1,856	8	0	5	0	16	11	5	252	1	2	34	7	1	173,437	338,562	51.23%
HILL	10,108	2,547	256	40	0	0	0	0	0	0	0	16	0	0	3	0	0	12,970	22,825	56.82%
HOCKLEY	5,809	1,260	199	33	1	0	0	0	0	0	0	6	1	0	0	2	0	7,311	13,723	53.28%
HOOD	21,382	4,008	641	113	0	0	0	2	3	0	0	92	1	0	18	2	0	26,262	38,284	68.60%
HOPKINS	10,707	2,510	220	44	0	0	1	0	0	0	1	42	0	0	13	0	0	13,538	22,495	60.18%
HOUSTON	6,205	1,978	90	29	51	0	0	0	0	0	0	0	0	0	0	0	0	8,353	13,157	63.49%
HOWARD	6,637	1,770	232	56	1	0	0	0	1	0	0	16	0	0	7	3	0	8,723	17,041	51.19%
HUDSPETH	503	324	38	6	0	0	0	0	0	0	0	0	0	0	0	0	0	871	1,840	47.34%
HUNT	23,910	6,396	862	162	0	0	2	0	3	0	1	184	0	1	28	2	3	31,554	52,384	60.24%
HUTCHINSON	7,042	854	210	23	0	0	0	0	0	0	0	24	0	0	2	0	0	8,155	13,620	59.88%
IRION	660	90	9	1	0	0	0	0	0	1	0	4	0	0	1	0	0	766	1,338	57.25%
JACK	2,973	314	42	10	0	0	0	0	0	0	0	8	0	0	0	3	0	3,350	5,080	65.94%
JACKSON	4,266	904	78	27	0	0	0	0	0	0	0	21	0	0	6	0	0	5,302	9,095	58.30%
JASPER	10,609	2,590	156	38	0	0	0	0	0	0	1	18	0	0	7	0	0	13,419	23,642	56.76%
JEFF DAVIS	695	422	42	17	0	0	0	0	1	0	0	13	0	0	0	0	1	1,191	1,655	71.96%
JEFFERSON	42,862	42,443	1,714	420	0	0	2	0	5	3	1	143	1	0	22	2	0	87,618	149,233	58.71%
JIM HOGG	430	1,635	42	12	0	0	0	0	0	0	0	0	0	0	0	0	0	2,119	3,942	53.75%
JIM WELLS	5,420	6,694	210	40	0	0	1	0	0	1	0	10	0	0	2	0	1	12,379	26,508	46.70%
JOHNSON	44,382	10,988	1,605	324	0	1	0	0	6	1	1	259	0	0	33	3	3	57,606	91,725	62.80%
JONES	4,819	936	162	21	0	0	1	0	0	0	0	13	0	0	6	0	2	5,960	10,101	59.00%
KARNES	2,965	1,145	70	12	0	0	0	0	0	0	0	5	0	0	1	0	0	4,198	7,934	52.91%
KAUFMAN	29,587	10,278	983	197	0	0	2	0	0	0	0	195	1	1	16	4	1	41,265	67,544	61.09%
KENDALL	15,700	3,643	555	87	0	0	3	1	5	0	1	116	0	0	9	0	0	20,120	29,077	69.20%
KENEDY	84	99	3	0	0	0	0	0	0	0	0	0	0	0	0	0	0	186	318	58.49%
KENT	360	59	14	0	0	0	0	0	0	0	0	1	0	0	0	0	0	434	615	70.57%
KERR	17,727	4,681	657	116	0	0	1	0	1	0	4	93	0	1	14	2	0	23,297	34,644	67.25%
KIMBLE	1,697	206	37	5	0	0	0	0	0	0	0	7	0	0	0	0	0	1,952	2,916	66.94%
KING	149	5	5	0	0	0	0	0	0	0	0	0	0	0	0	0	0	159	202	78.71%
KINNEY	936	458	25	6	0	0	0	0	0	0	0	0	0	0	5	0	0	1,430	2,243	63.75%
KLEBERG	4,367	4,716	314	92	0	0	0	0	2	0	0	18	0	0	3	0	0	9,512	17,998	52.85%
KNOX	1,078	247	28	5	0	0	0	0	0	0	0	8	0	0	1	0	0	1,367	2,445	55.91%
LAMAR	14,561	3,583	343	70	0	0	0	0	1	0	0	45	0	0	8	0	0	18,611	31,011	60.01%
LAMB	3,111	771	85	8	0	0	0	0	3	0	0	14	0	0	3	0	0	3,995	8,305	48.10%
LAMPASAS	6,385	1,483	253	47	0	0	0	0	0	0	0	32	0	0	2	3	0	8,205	13,786	59.52%
LASALLE	872	1,129	44	10	0	0	0	0	0	0	0	4	0	0	0	0	0	2,059	4,173	49.34%
LAVACA	7,347	1,170	112	12	0	0	0	0	1	0	0	9	0	0	5	4	1	8,661	13,253	65.35%
LEE	4,997	1,372	126	28	0	0	0	0	0	0	0	8	0	0	4	0	0	6,535	10,298	63.46%
LEON	6,391	909	94	13	0	0	0	1	2	0	0	22	0	0	5	2	0	7,439	11,159	66.66%
LIBERTY	18,892	4,862	364	85	0	0	0	0	0	0	1	41	0	0	14	8	0	24,267	43,685	55.55%
LIMESTONE	5,796	1,778	128	27	0	0	0	0	1	0	0	8	0	0	1	0	0	7,739	13,667	56.63%
LIPSCOMB	1,159	135	25	3	0	0	0	0	0	0	1	7	0	0	2	0	0	1,332	2,048	65.04%
LIVE OAK	3,464	742	65	13	0	0	0	0	0	0	0	16	0	0	2	0	0	4,302	7,255	59.30%
LLANO	8,299	1,825	205	65	0	0	0	0	0	0	1	6	0	0	45	0	1	10,447	15,160	68.91%
LOVING	58	4	1	2	0	0	0	0	0	0	0	0	0	0	0	0	0	65	110	59.09%
LUBBOCK	65,651	28,023	3,917	633	1	2	2	1	35	0	4	675	0	0	63	5	1	99,013	166,489	59.47%
LYNN	1,546	403	41	7	11	1	0	0	0	0	0	0	0	0	0	0	0	2,009	3,893	51.61%
MADISON	3,351	881	45	8	0	0	0	0	0	0	1	0	0	0	3	0	0	4,289	7,193	59.63%
MARION	2,983	1,165	71	13	0	0	0	0	0	0	0	4	0	0	2	0	0	4,238	7,258	58.39%
MARTIN	1,455	266	31	5	0	0	0	0	0	0	0	0	0	0	5	0	0	1,762	3,130	56.29%
MASON	1,656	354	37	7	0	0	1	0	0	0	0	2	0	0	0	0	0	2,057	2,966	69.35%
MATAGORDA	8,366	3,500	239	53	0	0	4	1	0	0	0	24	0	0	7	2	0	12,196	21,578	56.52%
MAVERICK	2,816	10,397	266	109	0	0	0	0	0	0	0	0	0	0	0	0	0	13,588	30,689	44.28%
MCCULLOCH	2,552	482	51	9	2	0	0	0	0	0	0	7	0	0	0	0	0	3,103	5,284	58.72%
MCLENNAN	48,260	27,063	2,492	473	1	0	10	0	38	1	7	669	2	0	53	6	0	79,075	136,088	58.11%
MCMULLEN	454	40	2	1	0	0	0	0	0	0	0	2	0	0	0	0	0	499	709	70.38%
MEDINA	12,085	4,634	403	106	1	0	0	0	0	0	0	0	0	1	16	0	0	17,246	30,318	56.88%
MENARD	682	154	25	1	0	0	0	0	0	0	0	2	0	0	0	0	0	864	1,488	58.06%
MIDLAND	36,973	10,025	1,667	203	3	1	2	2	8	0	2	277	1	1	43	4	0	49,212	79,919	61.58%
MILAM	6,364	2,051	178	49	0	0	0	0	1	0	0	9	0	0	12	0	0	8,664	14,794	58.56%
MILLS	1,951	243	41	6	0	0	0	0	0	0	0	4	0	0	0	0	0	2,245	3,441	65.24%
MITCHELL	1,780	354	50	7	2	0	1	0	0	0	0	2	0	0	0	0	0	2,196	4,495	48.85%
MONTAGUE	7,526	885	170	23	0	0	0	0	0	0	0	0	0	0	0	0	0	8,604	13,320	64.59%
MONTGOMERY	150,314	45,835	6,142	1,018	3	1	23	0	26	2	5	1,067	0	0	151	42	3	204,632	311,880	65.61%
MOORE	3,977	1,098	166	26	0	0	0	0	2	0	0	15	0	0	0	0	0	5,284	9,667	54.66%
MORRIS	3,446	1,425	77	19	0	0	1	0	0	0	0	5	0	0	0	0	0	4,973	8,561	58.09%
MOTLEY	566	40	9	0	0	0	0	0	0	0	0	0	0	0	0	0	0	615	857	71.76%
NACOGDOCHES	14,771	6,846	702	159	0	0	0	0	5	0	0	118	0	0	17	2	2	22,622	34,769	65.06%
NAVARRO	11,994	4,002	343	58	0	0	2	0	0	0	0	29	0	0	3	1	1	16,433	27,786	59.14%
NEWTON	4,288	1,156	66	13	1	0	0	0	0	0	0	8	1	0	1	0	0	5,534	9,581	57.76%
NOLAN	3,552	1,029	142	22	73	0	0	0	3	0	0	30	0	0	3	1	2	4,857	8,748	55.52%
NUECES	50,766	49,198	3,324	847	0	4	2	0	21	0	0	205	0	0	38	0	0	104,405	199,467	52.34%
OCHILTREE	2,628	274	75	5	0	0	0	0	0	0	1	17	0	0	2	0	0	3,002	5,295	56.69%
OLDHAM	850	78	14	3	0	0	0	0	0	0	0	2	0	0	1	0	0	948	1,413	67.09%
ORANGE	25,513	5,735	550	115	0	0	0	0	1	0	0	68	0	0	18	0	0	32,000	53,040	60.33%
PALO PINTO	8,284	1,708	210	48	0	0	0	0	0	0	0	16	0	0	1	1	2	10,270	17,495	58.70%
PANOLA	8,445	1,835	109	24	0	0	0	0	1	0	0	0	0	0	0	2	0	10,416	16,348	63.71%
PARKER	46,473	8,344	1,439	215	1	0	0	0	1	1	7	264	0	0	46	25	1	56,817	85,221	66.67%
PARMER	1,915	485	55	4	0	0	0	0	0	0	0	5	0	0	1	1	0	2,466	4,463	55.25%
PECOS	2,468	1,554	127	26	0	0	0	0	2	0	0	7	0	0	1	0	0	4,185	8,170	51.22%
POLK	15,176	4,187	367	86	0	2	0	0	0	0	0	22	0	0	10	0	2	19,852	38,530	51.52%
POTTER	19,630	7,657	1,028	190	1	0	1	0	3	0	1	103	0	0	18	18	1	28,651	54,999	52.09%
PRESIDIO	652	1,458	64	29	0	0	0	0	0	0	0	5	0	0	0	0	0	2,208	4,806	45.94%
RAINS	3,968	628	80	15	0	0	0	0	0	0	0	10	0	0	0	0	0	4,701	7,220	65.11%
RANDALL	43,462	8,367	1,872	228	1	1	1	0	7	1	1	306	0	1	30	26	1	54,305	85,106	63.81%
REAGAN	709	167	22	2	0	0	0	0	0	0	0	0	0	0	4	0	0	904	1,893	47.75%
REAL	1,382	262	28	6	0	0	0	0	0	0	0	3	0	0	0	0	0	1,681	2,522	66.65%
RED RIVER	3,926	1,149	67	8	0	0	0	0	0	0	0	9	0	0	2	0	0	5,161	8,243	62.61%
REEVES	1,417	1,659	98	10	0	0	0	0	0	0	0	0	0	0	0	0	0	3,184	7,103	44.83%
REFUGIO	1,830	1,034	71	10	0	0	0	0	0	0	0	2	0	0	1	0	0	2,948	5,085	57.97%
ROBERTS	524	20	6	0	0	0	0	0	1	0	0	2	0	0	1	0	0	554	716	77.37%
ROBERTSON	4,668	2,203	125	17	0	0	1	0	1	0	0	17	0	0	3	0	0	7,035	11,505	61.15%
ROCKWALL	28,451	9,655	1,305	207	1	0	11	0	3	0	0	285	0	0	30	0	0	39,948	57,428	69.56%
RUNNELS	3,250	453	60	13	0	0	0	0	0	0	0	5	0	0	1	0	0	3,782	6,679	56.63%
RUSK	14,675	3,935	333	51	0	0	0	0	0	0	0	0	0	0	0	0	0	18,994	31,331	60.62%
SABINE	3,998	614	27	9	0	0	0	0	0	0	0	1	0	0	2	0	0	4,651	7,710	60.32%
SAN AUGUSTINE	2,622	910	30	6	0	0	0	0	0	0	0	1	0	0	0	0	0	3,569	6,181	57.74%
SAN JACINTO	8,059	2,038	170	52	0	0	1	0	0	0	0	16	0	0	6	0	1	10,343	17,574	58.85%
SAN PATRICIO	13,030	7,871	573	113	0	0	0	0	2	0	2	56	0	0	4	4	1	21,656	41,354	52.37%
SAN SABA	2,025	293	32	4	0	0	0	0	1	0	0	2	0	0	0	0	0	2,357	3,776	62.42%
SCHLEICHER	821	208	24	3	0	0	0	0	0	0	0	3	0	0	0	0	0	1,059	1,823	58.09%
SCURRY	4,410	733	103	22	0	0	0	0	0	0	0	19	0	1	1	0	0	5,289	9,486	55.76%
SHACKELFORD	1,378	103	21	0	0	0	0	0	0	0	0	2	0	0	0	0	0	1,504	2,328	64.60%
SHELBY	7,179	1,758	123	21	0	0	0	0	0	0	0	3	0	0	2	0	0	9,086	15,179	59.86%
SHERMAN	807	96	27	3	0	0	0	0	0	0	0	2	0	0	0	0	0	935	1,518	61.59%
SMITH	58,930	22,300	2,076	341	0	0	11	0	35	0	12	952	0	0	78	33	0	84,768	135,216	62.69%
SOMERVELL	3,206	541	107	23	0	0	0	0	0	0	0	17	0	0	3	0	0	3,897	6,018	64.76%
STARR	2,224	9,289	159	68	0	0	0	0	0	0	0	0	0	0	0	0	0	11,740	32,064	36.61%
STEPHENS	3,034	348	65	7	0	0	0	0	0	0	0	5	0	0	2	0	0	3,461	5,726	60.44%
STERLING	549	70	9	5	0	0	0	0	0	0	0	0	0	0	0	0	0	633	935	67.70%
STONEWALL	555	135	10	1	0	0	0	0	0	0	0	0	0	0	0	0	0	701	998	70.24%
SUTTON	1,075	313	22	5	0	0	0	0	0	0	0	1	0	0	0	0	0	1,416	2,536	55.84%
SWISHER	1,671	462	51	6	1	0	0	0	0	1	3	6	1	0	1	0	1	2,204	4,065	54.22%
TARRANT	345,921	288,392	23,775	5,413	4	3	68	2	106	5	20	4,281	1	4	406	107	6	668,514	1,077,598	62.04%
TAYLOR	33,250	10,085	1,763	289	0	2	11	2	3	0	1	315	0	0	33	4	1	45,759	78,621	58.20%
TERRELL	288	140	10	0	0	0	0	0	0	0	0	0	0	0	0	0	0	438	700	62.57%
TERRY	2,459	753	112	21	0	0	0	0	0	0	0	10	0	0	0	0	0	3,355	6,998	47.94%
THROCKMORTON	715	84	7	2	0	0	0	0	0	0	0	0	0	0	0	0	0	808	1,229	65.74%
TITUS	6,511	2,597	191	44	5	5	13	12	6	3	5	3	4	7	5	5	3	9,419	16,605	56.72%
TOM GREEN	27,494	9,173	1,402	218	0	0	1	0	3	0	1	159	0	1	25	1	1	38,479	64,471	59.68%
TRAVIS	127,209	308,260	21,958	7,462	6	8	88	3	131	11	18	3,341	5	2	150	47	21	468,720	725,035	64.65%
TRINITY	4,737	1,154	80	11	1	0	0	0	0	0	0	1	0	0	1	0	0	5,985	11,580	51.68%
TYLER	6,624	1,248	103	22	0	0	0	0	0	0	0	13	0	0	6	0	0	8,016	13,559	59.12%
UPSHUR	13,209	2,380	283	59	0	0	0	0	1	0	0	65	0	0	15	1	0	16,013	27,915	57.36%
UPTON	1,007	286	49	3	0	0	0	0	0	0	0	1	0	0	1	0	0	1,347	2,245	60.00%
UVALDE	4,835	3,867	191	54	0	1	0	0	0	0	0	13	0	0	3	0	0	8,964	16,843	53.22%
VAL VERDE	5,890	6,964	573	131	0	1	0	0	0	0	0	51	0	0	6	1	0	13,617	27,690	49.18%
VAN ZANDT	18,473	2,799	385	77	2	3	4	5	6	0	0	89	5	0	25	10	7	21,890	36,123	60.60%
VICTORIA	21,275	8,866	782	156	0	0	0	0	1	0	0	38	0	0	5	0	0	31,123	54,466	57.14%
WALKER	12,884	6,091	560	161	0	1	1	0	1	0	0	76	0	1	18	2	0	19,796	32,523	60.87%
WALLER	10,531	5,748	342	104	0	0	2	0	1	0	1	43	0	0	10	2	0	16,784	31,132	53.91%
WARD	2,547	783	82	10	3	0	0	1	2	0	0	14	0	0	3	0	0	3,445	6,476	53.20%
WASHINGTON	10,945	3,382	352	70	0	0	0	0	2	0	0	68	0	0	8	0	1	14,828	22,951	64.61%
WEBB	12,947	42,307	1,033	591	4	0	0	3	0	0	0	19	0	0	0	0	1	56,905	123,291	46.16%
WHARTON	10,149	4,238	269	51	0	0	1	0	5	0	0	12	0	0	7	0	0	14,732	25,206	58.45%
WHEELER	2,087	194	21	4	0	0	0	0	0	0	0	0	0	0	0	0	0	2,306	3,527	65.38%
WICHITA	27,631	8,770	1,308	256	0	0	0	0	0	0	0	143	0	0	11	0	0	38,119	78,618	48.49%
WILBARGER	3,166	809	115	13	0	0	0	0	0	0	0	0	0	0	1	0	1	4,105	8,071	50.86%
WILLACY	1,547	3,422	95	31	0	0	0	0	0	0	0	0	0	0	0	0	0	5,095	12,306	41.40%
WILLIAMSON	104,175	84,468	10,229	2,047	3	3	47	4	79	5	19	1,734	5	4	194	58	7	203,081	299,958	67.70%
WILSON	13,998	4,790	392	82	133	0	0	0	0	0	0	26	0	0	7	4	0	19,432	31,245	62.19%
WINKLER	1,403	420	49	1	0	0	0	0	0	0	0	3	0	0	0	0	0	1,876	3,817	49.15%
WISE	20,670	3,412	505	91	0	0	0	0	1	0	0	76	0	0	10	11	0	24,776	39,092	63.38%
WOOD	15,700	2,630	280	64	0	0	2	0	0	0	0	38	12	0	1	0	0	18,727	29,127	64.29%
YOAKUM	1,797	426	73	3	0	0	0	0	0	0	0	4	0	0	0	0	0	2,303	4,170	55.23%
YOUNG	6,601	876	180	19	0	0	0	0	0	0	0	30	0	0	1	0	0	7,707	11,762	65.52%
ZAPATA	1,029	2,063	34	16	0	0	0	0	0	0	0	0	0	0	0	0	0	3,142	7,645	41.10%
ZAVALA	694	2,636	50	16	0	0	0	0	0	0	0	0	0	0	0	0	0	3,396	8,615	39.42%
SOS Home Page Election History Page Election Home Page
For comments or suggestions, please e-mail webmaster@sos.state.tx.us
